  8
 21
 21
 21
 21
 21
 21
 21
 21
 21
 21
 21
 98
 98
109
119
127
125
124
123
126
123
126
123
123
126
127
127
127
127
127
127
127
125
127
127
127
127
126
127
127
127
127
127
127
127
126
127
127
127
127
127
126
127
127
127
126
126
126
126
126
126
126
127
127
127
127
126
127
127
127
127
127
127
127
127
127
127
127
127
127
127
127
127
127
127
126
126
126
127
127
126
127
127
127
127
127
127
127
127
127
127
127
127
127
127
127
127
126
127
126
126
126
127
127
127
127
127
127
127
127
126
126
126
127
127
127
127
127
127
127
127
127
127
127
127
127
127
127
127
127
127
127
127
127
127
126
127
126
126
126
126
127
127
127
127
127
127
127
127
127
127
127
127
127
127
127
127
126
127
127
127
126
127
127
126
126
126
126
126
126
126
